Reaction Name                            Count      Score      Mean_DRC   Std_Dev    Corr       Slope     
--------------------------------------------------------------------------------------------------------------
CO_in<->CO                               66         0.7483     0.3151     0.4332     0.8212     0.8215    
FMR_CH2CH2CH3#1<->FMR_HCH2CHCH3#1        65         0.8098     0.3589     0.4509     0.7186     0.7491    
FMR_CH2CH3#1<->CH2CH2_in+FMR#1           64         0.4914     0.1674     0.3240     0.0248     0.0185    
FMR_HCH2CHCH3#1<->CH2CHCH3_in+FMR#1      59         0.7817     0.3384     0.4433     0.7090     0.7257    
FMR_CH2CH3CH2CO#1<->FMR_CH2CH2CH3#1+CO_in 48         0.3496     0.1052     0.2444     0.4194     0.2368    
FMR_CH2CH3#1+CH2CO_in<->FMR_CH2CH3CH2CO#1 46         0.3767     0.1147     0.2620     0.4510     0.2727    
FMR_CH3#1+CH2CO_in<->FMR_CH3CH2CO#1      24         0.2307     0.0459     0.1848     0.3549     0.1514    
FMR_CH3CH2CO#1<->FMR_CH2CH3#1+CO_in      23         0.2517     0.0562     0.1955     0.3837     0.1733    
FMR#1+CH2CO_in<->FMR_HCH2CO#1            22         0.1887     0.0472     0.1415     0.3907     0.1277    
CH2CH2_in<->CH2CH2                       21         0.1642     0.0383     0.1259     0.3397     0.0987    
FMR_HCH2CO#1<->FMR_CH3#1+CO_in           20         0.1727     0.0353     0.1374     0.1929     0.0612    
CH3CO#1<->CH3#1+CO_in                    12         0.0417     0.0055     0.0361     0.1432     -0.0120   
CH3CH2#1+CH2CO_in<->CH3CH2CH2CO#1        6          0.0013     0.0002     0.0012     0.0199     0.0001    
CH3#1+CH2CO_in<->CH3CH2CO#1              5          0.0613     0.0057     0.0556     0.0012     0.0002    
CH3CH2#1<->CH2CH2_in+#1                  5          0.0043     0.0004     0.0039     0.1001     -0.0009   
CH2CO_in+#1<->CH2CO_H#1                  3          0.0003     0.0000     0.0003     0.1056     0.0001    
CH3CH2CO#1<->CH3CH2#1+CO_in              2          0.0081     0.0008     0.0073     0.1118     0.0019    
CH2CO_H#1<->CH3CO#1                      1          0.0061     0.0006     0.0056     0.1143     0.0015    
CH3CH2CH2CO#1<->CH3CH2CH2#1+CO_in        1          0.0000     0.0000     0.0000     0.1669     0.0000    
CH3CH2CH2#1<->CH2CHCH3_in+#1             1          0.0006     0.0001     0.0005     0.0987     0.0001    
SMR_CH3CH2CO#1<->SMR_CH2CH3#1+CO_in      1          0.0000     0.0000     0.0000     0.0300     -0.0000   
SMR_HCH2CO#1<->SMR_CH3#1+CO_in           1          0.0000     0.0000     0.0000     0.1799     0.0000    
CH3CO#1+CH2CO_in<->CH3COCH2CO#1          0          0.0000     0.0000     0.0000     0.0000     0.0000    
CH3COCH2CO#1<->CH3COCH2#1+CO_in          0          0.0000     0.0000     0.0000     0.0000     0.0000    
CH3COCH2#1+CH2CO_in<->FMR_CH3#1          0          0.0000     0.0000     0.0000     0.0000     0.0000    
CH3COCH2CO#1<->CH3COCHCO_H#1             0          0.0000     0.0000     0.0000     0.0000     0.0000    
CH3COCHCO_H#1+CH3CO#1<->SMR_CH3#1+#1     0          0.0000     0.0000     0.0000     0.0000     0.0000    
SMR_CH3#1+CH2CO_in<->SMR_CH3CH2CO#1      0          0.0000     0.0000     0.0000     0.1597     0.0000    
SMR_CH2CH3#1<->CH2CH2_in+SMR#1           0          0.0000     0.0000     0.0000     0.2022     0.0000    
SMR_CH2CH3#1+CH2CO_in<->SMR_CH2CH3CH2CO#1 0          0.0000     0.0000     0.0000     0.2003     0.0000    
SMR_CH2CH3CH2CO#1<->SMR_CH2CH2CH3#1+CO_in 0          0.0000     0.0000     0.0000     0.1031     0.0000    
SMR_CH2CH2CH3#1<->SMR_HCH2CHCH3#1        0          0.0000     0.0000     0.0000     0.1265     0.0000    
SMR_HCH2CHCH3#1<->CH2CHCH3_in+SMR#1      0          0.0000     0.0000     0.0000     0.1426     0.0000    
SMR#1+CH2CO_in<->SMR_HCH2CO#1            0          0.0000     0.0000     0.0000     0.1133     0.0000    
CH2CHCH3_in<->CH2CHCH3                   0          0.0000     0.0000     0.0000     0.1690     0.0000    
