Reaction Name                            Count      Score      Mean_DRC   Std_Dev    Corr       Slope     
--------------------------------------------------------------------------------------------------------------
CO#1+H#1<->CHO#1+#1                      88         1.0751     0.5062     0.5690     0.5239     0.6962    
H2O#1<->H2O+#1                           77         0.8870     0.4329     0.4540     0.8713     0.9079    
CHO#1+H#1<->CH2O#1+#1                    65         0.4678     0.1474     0.3204     0.0216     -0.0159   
CH2#1+OH#1<->CH3#1+O#1                   65         0.5421     0.1960     0.3462     0.0875     -0.0701   
H#2+OH#1<->H2O#1+#2                      63         0.3782     0.1218     0.2564     0.2503     0.1472    
CH2#1+H#1<->CH3#1+#1                     61         0.5604     0.2085     0.3518     0.0202     -0.0163   
OH#1+OH#1<->H2O#1+O#1                    60         1.1218     0.1732     0.9486     0.0922     -0.2023   
CH#1+OH#1<->CH2#1+O#1                    57         0.3682     0.1072     0.2609     0.0425     0.0256    
CH3#1+H#1<->CH4+#1+#1                    56         0.4096     0.1344     0.2752     0.1894     -0.1207   
CHO#1+#1<->CH#1+O#1                      55         0.4571     0.1166     0.3405     0.1756     -0.1377   
CH3#1+OH#1<->CH4+#1+O#1                  54         0.4920     0.1424     0.3495     0.2720     -0.2197   
H#1+OH#1<->H2O#1+#1                      54         0.2540     0.0688     0.1851     0.1776     -0.0760   
CH3#2+OH#1<->CH4+#2+O#1                  52         0.8737     0.1819     0.6918     0.0095     -0.0150   
H2#1+#2<->H#1+H#2                        46         0.9848     0.2727     0.7121     0.4786     0.7809    
H2+#1<->H2#1                             45         0.8028     0.2253     0.5775     0.4262     0.5636    
CH2O#1+H#1<->CH3O#1+#1                   43         0.1153     0.0231     0.0923     0.0467     -0.0100   
CH#1+H#1<->CH2#1+#1                      43         0.4547     0.1243     0.3304     0.0002     0.0002    
CH3#2+H#1<->CH4+#1+#2                    42         0.3857     0.0840     0.3016     0.0404     0.0283    
CH2O#1+#1<->CH2#1+O#1                    40         0.3538     0.0749     0.2789     0.0503     -0.0322   
CO2#1<->CO2+#1                           40         0.2446     0.0583     0.1863     0.4624     0.1977    
CO#2+O#1<->CO2#1+#2                      39         0.2406     0.0658     0.1747     0.5270     0.2130    
CH3#1+H#2<->CH4+#1+#2                    31         0.1403     0.0266     0.1137     0.1640     -0.0434   
CH3O#1+#1<->CH3#1+O#1                    29         0.1918     0.0379     0.1539     0.0500     -0.0178   
CH3O#1+#2<->CH3#2+O#1                    29         0.0732     0.0161     0.0571     0.0384     0.0052    
CO+#1<->CO#1                             28         0.2351     0.0480     0.1872     0.3107     0.1355    
CHOH#1+#1<->CH#1+OH#1                    27         0.0829     0.0117     0.0712     0.1016     -0.0168   
CH3#2+H#2<->CH4+#2+#2                    25         0.4752     0.0803     0.3949     0.1100     -0.0998   
CH2O#1+#2<->CH2#2+O#1                    24         0.2308     0.0331     0.1977     0.0033     -0.0015   
CHO#1+H#1<->CHOH#1+#1                    22         0.1828     0.0420     0.1408     0.1150     -0.0372   
CH2#2+OH#1<->CH3#2+O#1                   21         0.1265     0.0189     0.1076     0.2078     -0.0517   
H#2+#1<->H#1+#2                          20         0.0857     0.0169     0.0688     0.3496     0.0553    
CHO#1+CO#1<->CH#1+CO2#1                  20         0.2893     0.0447     0.2446     0.2309     -0.1317   
CO+#2<->CO#2                             19         0.1060     0.0152     0.0908     0.2734     0.0576    
CH2#2+H#1<->CH3#2+#1                     19         0.2326     0.0288     0.2038     0.0291     -0.0138   
COOH#2+#1<->CO2#2+H#1                    19         0.0291     0.0050     0.0241     0.1337     -0.0075   
CHO#1+CO#2<->CH#1+CO2#2                  14         0.1686     0.0226     0.1460     0.2233     -0.0753   
CO#2+OH#1<->COOH#2+#1                    14         0.0335     0.0035     0.0300     0.0958     -0.0067   
CH2O#1+CO#1<->CH2#1+CO2#1                13         0.0365     0.0042     0.0323     0.1132     -0.0084   
CH2#1+CO#1<->CH2CO#1+#1                  13         0.1133     0.0144     0.0988     0.1633     -0.0375   
CO2#2<->CO2+#2                           13         0.1286     0.0195     0.1091     0.1202     0.0300    
CH2O#1+CO#2<->CH2#1+CO2#2                12         0.1267     0.0180     0.1087     0.2132     -0.0535   
CH2#1+CO#2<->CH2CO#1+#2                  12         0.0231     0.0030     0.0201     0.0088     -0.0004   
CH2CO#1<->CH2CO+#1                       12         0.0690     0.0076     0.0614     0.0121     0.0017    
CH3O#1+CO#1<->CH3#1+CO2#1                10         0.1166     0.0235     0.0931     0.3072     -0.0664   
CH3#3+CH2CO_1<->CH3CH2CO#3               10         0.0203     0.0021     0.0182     0.1093     0.0046    
CO#1+H#1<->COH#1+#1                      8          0.0386     0.0051     0.0335     0.1713     -0.0132   
COH#1+H#1<->CHOH#1+#1                    6          0.0444     0.0042     0.0402     0.0563     -0.0052   
CH2#2+CO#2<->CH2CO#2+#2                  6          0.0778     0.0091     0.0687     0.0767     -0.0121   
CH3CO#2+#1<->CH2CO#2+H#1                 6          0.0189     0.0025     0.0165     0.0646     -0.0025   
CH3CO#2+O#1<->CH2CO#2+OH#1               6          0.0406     0.0051     0.0354     0.0486     -0.0040   
CH2CO#2<->CH2CO+#2                       6          0.0032     0.0004     0.0027     0.1133     0.0007    
COOH#2+O#1<->CO2#2+OH#1                  6          0.0605     0.0056     0.0549     0.0387     -0.0049   
CHOH#1+H#1<->CH2OH#1+#1                  5          0.0115     0.0011     0.0104     0.1639     -0.0039   
CH2CO_1+#3<->CH2CO_H#3                   4          0.0005     0.0001     0.0004     0.2444     0.0002    
CH3CH2CO#3<->CH3CH2#3+CO                 4          0.0001     0.0000     0.0001     0.2304     0.0001    
CH3CH2#3+CH2CO_1<->CH3CH2CH2CO#3         4          0.0002     0.0000     0.0002     0.1007     0.0000    
CH3CH2CH2CO#3<->CH3CH2CH2#3+CO           4          0.0002     0.0000     0.0002     0.1583     0.0001    
CH2CO<->CH2CO_1                          4          0.0009     0.0001     0.0008     0.2066     0.0004    
CH2OH#1+#2<->CH2#2+OH#1                  3          0.0082     0.0008     0.0074     0.0920     -0.0016   
CH3#2+CO#2<->CH3CO#2+#2                  3          0.0248     0.0023     0.0225     0.1514     -0.0079   
CH2CO_H#3<->CH3CO#3                      3          0.0006     0.0001     0.0006     0.2167     0.0003    
CH3CH2#3<->CH2CH2_in#3                   3          0.0001     0.0000     0.0001     0.1878     0.0000    
CH3CH2CH2#3<->CH2CHCH3_in#3              3          0.0010     0.0001     0.0009     0.1667     0.0003    
CH2CH2_in#3<->CH2CH2+#3                  3          0.0007     0.0001     0.0006     0.1257     0.0002    
CH3#1+CO#1<->CH3CO#1+#1                  2          0.0005     0.0001     0.0004     0.1541     -0.0002   
CH3CO#1+O#1<->CH2CO#1+OH#1               2          0.0129     0.0013     0.0116     0.1814     -0.0048   
CH4<->CH4_1                              2          0.0001     0.0000     0.0001     0.1983     0.0000    
CH4_1<->CH4_2                            2          0.0000     0.0000     0.0000     0.3234     0.0000    
CH2O#1+H#1<->CH2OH#1+#1                  1          0.0000     0.0000     0.0000     0.1565     -0.0000   
CH2OH#1+H#1<->CH3OH#1+#1                 1          0.0002     0.0000     0.0002     0.1585     -0.0001   
CH2OH#1+#1<->CH2#1+OH#1                  1          0.0018     0.0002     0.0017     0.1137     -0.0004   
CH3OH#1+#2<->CH3#2+OH#1                  1          0.0000     0.0000     0.0000     0.1094     -0.0000   
CH3CO#1+#1<->CH2CO#1+H#1                 1          0.0000     0.0000     0.0000     0.0830     -0.0000   
CH2CHCH3_in#3<->CH2CHCH3+#3              1          0.0000     0.0000     0.0000     0.1972     0.0000    
CH3O#1+H#1<->CH3OH#1+#1                  0          0.0000     0.0000     0.0000     0.1325     -0.0000   
CH2O#1<->CH2O+#1                         0          0.0000     0.0000     0.0000     0.2578     0.0000    
CH3OH#1<->CH3OH+#1                       0          0.0000     0.0000     0.0000     0.1459     -0.0000   
CH3OH#1+#1<->CH3#1+OH#1                  0          0.0000     0.0000     0.0000     0.1129     -0.0000   
CH3O#1+CO#2<->CH3#1+CO2#2                0          0.0000     0.0000     0.0000     0.1186     -0.0000   
CH3#1+CO#2<->CH3CO#1+#2                  0          0.0000     0.0000     0.0000     0.0557     -0.0000   
CH3CO#3<->CH3#3+CO                       0          0.0000     0.0000     0.0000     0.1528     0.0000    
