Reaction Name                            Count      Score      Mean_DRC   Std_Dev    Corr       Slope     
--------------------------------------------------------------------------------------------------------------
CO#1+H#1<->CHO#1+#1                      48         1.4418     0.6310     0.8108     0.5457     1.0524    
H2O#1<->H2O+#1                           38         0.9246     0.4744     0.4502     0.9104     0.9515    
CH2#1+OH#1<->CH3#1+O#1                   33         0.3985     0.1263     0.2723     0.0226     -0.0143   
CH2#1+H#1<->CH3#1+#1                     32         0.4577     0.1373     0.3204     0.0149     -0.0121   
CH3#1+OH#1<->CH4+#1+O#1                  32         0.9593     0.2143     0.7450     0.2003     -0.3305   
CHO#1+H#1<->CH2O#1+#1                    30         0.5747     0.1686     0.4061     0.3584     0.3364    
OH#1+OH#1<->H2O#1+O#1                    30         0.3427     0.1067     0.2360     0.2452     -0.1378   
CHO#1+#1<->CH#1+O#1                      29         0.3734     0.1011     0.2723     0.1121     0.0714    
CH3#1+H#1<->CH4+#1+#1                    28         0.3885     0.1025     0.2860     0.1916     -0.1365   
H#1+OH#1<->H2O#1+#1                      28         0.1587     0.0301     0.1286     0.0157     -0.0045   
H#2+OH#1<->H2O#1+#2                      28         0.3307     0.0915     0.2392     0.1962     0.1055    
CH#1+OH#1<->CH2#1+O#1                    25         0.4148     0.1123     0.3025     0.0640     0.0440    
CH3#2+OH#1<->CH4+#2+O#1                  25         0.3110     0.0692     0.2419     0.2318     -0.1268   
H2+#1<->H2#1                             23         1.0240     0.3167     0.7074     0.5432     0.8983    
CH3#1+H#2<->CH4+#1+#2                    23         0.1589     0.0469     0.1121     0.2968     -0.0777   
CO2#1<->CO2+#1                           23         0.2842     0.0790     0.2052     0.5106     0.2490    
CH#1+H#1<->CH2#1+#1                      22         0.2119     0.0636     0.1483     0.0371     0.0127    
CO#2+O#1<->CO2#1+#2                      21         0.2077     0.0577     0.1500     0.4999     0.1748    
CH2O#1+H#1<->CH3O#1+#1                   20         0.2435     0.0489     0.1946     0.0420     0.0184    
CH2O#1+#1<->CH2#1+O#1                    19         0.1329     0.0283     0.1046     0.1935     -0.0449   
CO+#1<->CO#1                             18         0.1012     0.0244     0.0768     0.3849     0.0643    
H2#1+#2<->H#1+H#2                        18         1.1473     0.3258     0.8215     0.5826     1.0857    
CH2O#1+#2<->CH2#2+O#1                    15         0.1350     0.0274     0.1076     0.1484     -0.0356   
CH2#2+OH#1<->CH3#2+O#1                   15         0.2737     0.0478     0.2259     0.1607     -0.0826   
CH3#2+H#2<->CH4+#2+#2                    15         0.1014     0.0234     0.0781     0.1991     -0.0346   
CH2#2+H#1<->CH3#2+#1                     13         0.1789     0.0284     0.1505     0.1294     0.0447    
CH3#2+H#1<->CH4+#1+#2                    13         0.1368     0.0306     0.1063     0.2369     0.0549    
H#2+#1<->H#1+#2                          12         0.0566     0.0091     0.0475     0.2801     0.0289    
CHO#1+H#1<->CHOH#1+#1                    11         0.4036     0.0950     0.3086     0.0494     0.0360    
CH3O#1+#1<->CH3#1+O#1                    11         0.3188     0.0529     0.2659     0.2231     -0.1382   
CH3O#1+#2<->CH3#2+O#1                    11         0.1186     0.0214     0.0972     0.0475     0.0103    
CO+#2<->CO#2                             9          0.0277     0.0045     0.0232     0.3185     0.0167    
CHOH#1+#1<->CH#1+OH#1                    9          0.0456     0.0073     0.0383     0.0984     -0.0092   
COOH#2+O#1<->CO2#2+OH#1                  8          0.0208     0.0040     0.0167     0.1302     -0.0052   
COOH#2+#1<->CO2#2+H#1                    8          0.0554     0.0098     0.0456     0.1967     -0.0191   
CHO#1+CO#1<->CH#1+CO2#1                  7          0.3008     0.0390     0.2618     0.2595     -0.1624   
CH2O#1+CO#2<->CH2#1+CO2#2                7          0.0388     0.0058     0.0331     0.1776     -0.0132   
CH3CO#2+O#1<->CH2CO#2+OH#1               7          0.0962     0.0192     0.0770     0.3080     -0.0516   
CO2#2<->CO2+#2                           7          0.0244     0.0035     0.0210     0.0822     0.0040    
CH2O#1+CO#1<->CH2#1+CO2#1                6          0.1063     0.0187     0.0876     0.2755     -0.0535   
CH3#2+CO#2<->CH3CO#2+#2                  6          0.1174     0.0221     0.0954     0.0755     0.0170    
CHO#1+CO#2<->CH#1+CO2#2                  5          0.0293     0.0059     0.0234     0.2084     -0.0109   
CH2#2+CO#2<->CH2CO#2+#2                  5          0.0569     0.0107     0.0462     0.0939     -0.0106   
CH3CO#2+#1<->CH2CO#2+H#1                 5          0.0991     0.0137     0.0854     0.1534     0.0306    
CH2CO#1<->CH2CO+#1                       5          0.0329     0.0049     0.0280     0.0066     -0.0004   
CO#2+OH#1<->COOH#2+#1                    5          0.1263     0.0177     0.1087     0.0768     -0.0193   
COH#1+H#1<->CHOH#1+#1                    4          0.0041     0.0005     0.0035     0.0804     0.0006    
CH2#1+CO#1<->CH2CO#1+#1                  4          0.0050     0.0007     0.0043     0.0665     0.0006    
CO#1+H#1<->COH#1+#1                      3          0.0060     0.0009     0.0050     0.1801     -0.0020   
CH2CO#2<->CH2CO+#2                       3          0.0066     0.0010     0.0056     0.2111     0.0026    
CHOH#1+H#1<->CH2OH#1+#1                  2          0.0036     0.0005     0.0031     0.2121     -0.0017   
CH2#1+CO#2<->CH2CO#1+#2                  2          0.0031     0.0005     0.0026     0.0728     0.0004    
CH3#1+CO#1<->CH3CO#1+#1                  2          0.0042     0.0005     0.0037     0.1104     -0.0009   
CH3CO#1+O#1<->CH2CO#1+OH#1               2          0.0004     0.0001     0.0004     0.2496     -0.0002   
CH2OH#1+H#1<->CH3OH#1+#1                 1          0.0002     0.0000     0.0002     0.0897     -0.0000   
CH2OH#1+#2<->CH2#2+OH#1                  1          0.0112     0.0014     0.0098     0.0871     -0.0020   
CH3#1+CO#2<->CH3CO#1+#2                  1          0.0002     0.0000     0.0001     0.0381     0.0000    
CH3CO#1+#1<->CH2CO#1+H#1                 1          0.0002     0.0000     0.0002     0.0253     -0.0000   
CH2O#1+H#1<->CH2OH#1+#1                  0          0.0000     0.0000     0.0000     0.0567     -0.0000   
CH3O#1+H#1<->CH3OH#1+#1                  0          0.0000     0.0000     0.0000     0.3290     -0.0000   
CH2O#1<->CH2O+#1                         0          0.0000     0.0000     0.0000     0.1701     0.0000    
CH3OH#1<->CH3OH+#1                       0          0.0000     0.0000     0.0000     0.2213     -0.0000   
CH2OH#1+#1<->CH2#1+OH#1                  0          0.0000     0.0000     0.0000     0.0178     -0.0000   
CH3OH#1+#1<->CH3#1+OH#1                  0          0.0000     0.0000     0.0000     0.1084     -0.0000   
CH3OH#1+#2<->CH3#2+OH#1                  0          0.0000     0.0000     0.0000     0.2119     -0.0000   
CH3O#1+CO#1<->CH3#1+CO2#1                0          0.0000     0.0000     0.0000     0.3543     -0.0000   
CH3O#1+CO#2<->CH3#1+CO2#2                0          0.0000     0.0000     0.0000     0.2220     -0.0000   
